$ 1 0.000005 0.17188692582893286 45 5 50 5e-11
f 128 -64 176 -64 33 1.5 80
R 128 -64 112 -64 0 0 40 0 0 0 0.5
R 176 -80 176 -96 0 0 40 5 0 0 0.5
R 304 -80 304 -96 0 0 40 5 0 0 0.5
R 256 -64 240 -64 0 0 40 5 0 0 0.5
f 256 -64 304 -64 33 1.5 80
R 544 -80 544 -96 0 0 40 5 0 0 0.5
R 496 -64 480 -64 0 0 40 5 0 0 0.5
f 496 -64 544 -64 33 1.5 80
R 432 -80 432 -96 0 0 40 5 0 0 0.5
R 384 -64 368 -64 0 0 40 5 0 0 0.5
f 384 -64 432 -64 33 1.5 80
r 48 224 48 272 0 10
r 112 272 112 320 0 10
r 112 224 112 272 0 10
r 176 272 176 320 0 10
r 176 224 176 272 0 10
r 240 272 240 320 0 10
r 240 224 240 272 0 10
w 240 272 208 272 0
w 176 272 144 272 0
w 112 272 80 272 0
w 48 272 16 272 0
f 32 464 32 416 32 1.5 80
g 16 416 -16 416 0 0
R 32 464 32 496 0 0 40 5 0 0 0.5
d 48 176 48 128 2 default
R 256 80 256 48 0 0 40 0 0 0 0.5
g 272 128 288 128 0 0
f 256 80 256 128 40 1.5 80
w 48 128 112 128 0
d 48 368 48 416 2 default
d 112 368 112 416 2 default
d 176 368 176 416 2 default
d 240 368 240 416 2 default
w 16 224 16 272 0
w 80 224 80 272 0
w 144 224 144 272 0
w 208 224 208 272 0
r 48 320 48 368 0 10
r 48 272 48 320 0 10
r 112 320 112 368 0 10
r 176 320 176 368 0 10
r 240 320 240 368 0 10
r 48 224 48 176 0 10
r 176 224 176 176 0 10
r 240 224 240 176 0 10
w 112 128 176 128 0
w 176 128 240 128 0
d 112 176 112 128 2 default
d 176 176 176 128 2 default
d 240 176 240 128 2 default
r 112 176 112 224 0 10
w 48 416 112 416 0
w 112 416 176 416 0
w 176 416 240 416 0
w 496 416 560 416 0
w 432 416 496 416 0
w 368 416 432 416 0
r 432 176 432 224 0 10
d 560 176 560 128 2 default
d 496 176 496 128 2 default
d 432 176 432 128 2 default
w 496 128 560 128 0
w 432 128 496 128 0
r 560 224 560 176 0 10
r 496 224 496 176 0 10
r 368 224 368 176 0 10
r 560 320 560 368 0 10
r 496 320 496 368 0 10
r 432 320 432 368 0 10
r 368 272 368 320 0 10
r 368 320 368 368 0 10
w 528 224 528 272 0
w 464 224 464 272 0
w 400 224 400 272 0
w 336 224 336 272 0
d 560 368 560 416 2 default
d 496 368 496 416 2 default
d 432 368 432 416 2 default
d 368 368 368 416 2 default
w 368 128 432 128 0
d 368 176 368 128 2 default
R 352 464 352 496 0 0 40 0 0 0 0.5
g 336 416 304 416 0 0
f 352 464 352 416 32 1.5 80
w 368 272 336 272 0
w 432 272 400 272 0
w 496 272 464 272 0
w 560 272 528 272 0
r 560 224 560 272 0 10
r 560 272 560 320 0 10
r 496 224 496 272 0 10
r 496 272 496 320 0 10
r 432 224 432 272 0 10
r 432 272 432 320 0 10
r 368 224 368 272 0 10
w 832 416 896 416 0
w 768 416 832 416 0
w 704 416 768 416 0
r 768 176 768 224 0 10
d 896 176 896 128 2 default
d 832 176 832 128 2 default
d 768 176 768 128 2 default
w 832 128 896 128 0
w 768 128 832 128 0
r 896 224 896 176 0 10
r 832 224 832 176 0 10
r 704 224 704 176 0 10
r 896 320 896 368 0 10
r 832 320 832 368 0 10
r 768 320 768 368 0 10
r 704 272 704 320 0 10
r 704 320 704 368 0 10
w 864 224 864 272 0
w 800 224 800 272 0
w 736 224 736 272 0
w 672 224 672 272 0
d 896 368 896 416 2 default
d 832 368 832 416 2 default
d 768 368 768 416 2 default
d 704 368 704 416 2 default
w 704 128 768 128 0
d 704 176 704 128 2 default
R 688 464 688 496 0 0 40 0 0 0 0.5
g 672 416 640 416 0 0
f 688 464 688 416 32 1.5 80
w 704 272 672 272 0
w 768 272 736 272 0
w 832 272 800 272 0
w 896 272 864 272 0
r 896 224 896 272 0 10
r 896 272 896 320 0 10
r 832 224 832 272 0 10
r 832 272 832 320 0 10
r 768 224 768 272 0 10
r 768 272 768 320 0 10
r 704 224 704 272 0 10
f 576 80 576 128 40 1.5 80
g 592 128 608 128 0 0
R 576 80 576 48 0 0 40 0 0 0 0.5
f 912 80 912 128 40 1.5 80
g 928 128 944 128 0 0
R 912 80 912 48 0 0 40 0 0 0 0.5
w 16 -16 16 224 0
w 336 224 336 -16 0
w 672 224 672 -16 0
w 672 -16 336 -16 0
w 176 -48 176 -16 0
w 176 -16 336 -16 0
w 176 -16 16 -16 0
w 80 224 80 0 0
w 80 0 304 0 0
w 304 0 400 0 0
w 400 224 400 0 0
w 400 0 736 0 0
w 736 224 736 0 0
w 144 224 144 16 0
w 144 16 432 16 0
w 432 16 464 16 0
w 464 16 464 224 0
w 464 16 800 16 0
w 800 224 800 16 0
w 208 224 208 32 0
w 208 32 528 32 0
w 528 32 528 224 0
w 528 32 544 32 0
w 544 32 864 32 0
w 864 32 864 224 0
w 304 -48 304 0 0
w 432 -48 432 16 0
w 544 -48 544 32 0
o 0 32 0 4099 0.00244140625 0.8 0 2 0 3
